UNKNOWN
version=1
nRows=100
nColumns=4
inDegrees=no
endheader
time	elbow_flexion	BIClong	BIClong
      0.00000000	     -0.57295780	      0.36585489	      0.01137878
      1.00000000	      0.74596097	      0.36559251	      0.01142720
      2.00000000	      2.06487974	      0.36532897	      0.01147744
      3.00000000	      3.38379851	      0.36506366	      0.01152946
      4.00000000	      4.70271727	      0.36479787	      0.01158324
      5.00000000	      6.02163604	      0.36453076	      0.01163873
      6.00000000	      7.34055481	      0.36426146	      0.01169590
      7.00000000	      8.65947357	      0.36399201	      0.01175470
      8.00000000	      9.97839234	      0.36372102	      0.01181510
      9.00000000	     11.29731111	      0.36344850	      0.01187706
     10.00000000	     12.61622987	      0.36317444	      0.01194055
     11.00000000	     13.93514864	      0.36289885	      0.01200551
     12.00000000	     15.25406741	      0.36262052	      0.01234562
     13.00000000	     16.57298618	      0.36232735	      0.01312534
     14.00000000	     17.89190494	      0.36201626	      0.01390243
     15.00000000	     19.21082371	      0.36168732	      0.01467673
     16.00000000	     20.52974248	      0.36134058	      0.01544807
     17.00000000	     21.84866124	      0.36097613	      0.01621629
     18.00000000	     23.16758001	      0.36059403	      0.01698123
     19.00000000	     24.48649878	      0.36019436	      0.01774271
     20.00000000	     25.80541754	      0.35977720	      0.01850058
     21.00000000	     27.12433631	      0.35934264	      0.01925466
     22.00000000	     28.44325508	      0.35889076	      0.02000478
     23.00000000	     29.76217385	      0.35842167	      0.02075077
     24.00000000	     31.08109261	      0.35793545	      0.02149247
     25.00000000	     32.40001138	      0.35743221	      0.02222969
     26.00000000	     33.71893015	      0.35691206	      0.02296227
     27.00000000	     35.03784891	      0.35637509	      0.02369002
     28.00000000	     36.35676768	      0.35582143	      0.02441277
     29.00000000	     37.67568645	      0.35525119	      0.02513033
     30.00000000	     38.99460521	      0.35466450	      0.02584254
     31.00000000	     40.31352398	      0.35406147	      0.02654919
     32.00000000	     41.63244275	      0.35344225	      0.02725011
     33.00000000	     42.95136152	      0.35280695	      0.02794511
     34.00000000	     44.27028028	      0.35215573	      0.02863400
     35.00000000	     45.58919905	      0.35148872	      0.02931658
     36.00000000	     46.90811782	      0.35080607	      0.02999265
     37.00000000	     48.22703658	      0.35010794	      0.03066203
     38.00000000	     49.54595535	      0.34939448	      0.03132451
     39.00000000	     50.86487412	      0.34866585	      0.03197989
     40.00000000	     52.18379288	      0.34792222	      0.03262794
     41.00000000	     53.50271165	      0.34716375	      0.03326848
     42.00000000	     54.82163042	      0.34639063	      0.03390127
     43.00000000	     56.14054919	      0.34560303	      0.03452610
     44.00000000	     57.45946795	      0.34480115	      0.03514275
     45.00000000	     58.77838672	      0.34398516	      0.03575099
     46.00000000	     60.09730549	      0.34315527	      0.03635059
     47.00000000	     61.41622425	      0.34231169	      0.03694130
     48.00000000	     62.73514302	      0.34145461	      0.03752289
     49.00000000	     64.05406179	      0.34058424	      0.03809512
     50.00000000	     65.37298055	      0.33970082	      0.03865771
     51.00000000	     66.69189932	      0.33880456	      0.03921042
     52.00000000	     68.01081809	      0.33789569	      0.03975298
     53.00000000	     69.32973686	      0.33697445	      0.04028511
     54.00000000	     70.64865562	      0.33604109	      0.04080653
     55.00000000	     71.96757439	      0.33509585	      0.04131696
     56.00000000	     73.28649316	      0.33413899	      0.04181610
     57.00000000	     74.60541192	      0.33317077	      0.04230364
     58.00000000	     75.92433069	      0.33219146	      0.04277926
     59.00000000	     77.24324946	      0.33120135	      0.04324266
     60.00000000	     78.56216822	      0.33020071	      0.04369348
     61.00000000	     79.88108699	      0.32918985	      0.04413139
     62.00000000	     81.20000576	      0.32816905	      0.04455602
     63.00000000	     82.51892453	      0.32713864	      0.04496702
     64.00000000	     83.83784329	      0.32609893	      0.04536400
     65.00000000	     85.15676206	      0.32505024	      0.04574657
     66.00000000	     86.47568083	      0.32399292	      0.04611432
     67.00000000	     87.79459959	      0.32292730	      0.04646682
     68.00000000	     89.11351836	      0.32185375	      0.04680365
     69.00000000	     90.43243713	      0.32077263	      0.04712434
     70.00000000	     91.75135589	      0.31968432	      0.04742842
     71.00000000	     93.07027466	      0.31858921	      0.04771541
     72.00000000	     94.38919343	      0.31748769	      0.04798480
     73.00000000	     95.70811220	      0.31638018	      0.04823605
     74.00000000	     97.02703096	      0.31526710	      0.04846863
     75.00000000	     98.34594973	      0.31414888	      0.04868195
     76.00000000	     99.66486850	      0.31302599	      0.04887543
     77.00000000	    100.98378726	      0.31189887	      0.04904845
     78.00000000	    102.30270603	      0.31076801	      0.04920036
     79.00000000	    103.62162480	      0.30963390	      0.04933050
     80.00000000	    104.94054356	      0.30849706	      0.04943817
     81.00000000	    106.25946233	      0.30735800	      0.04952264
     82.00000000	    107.57838110	      0.30621727	      0.04958317
     83.00000000	    108.89729987	      0.30507543	      0.04961897
     84.00000000	    110.21621863	      0.30393306	      0.04962922
     85.00000000	    111.53513740	      0.30279076	      0.04961308
     86.00000000	    112.85405617	      0.30164914	      0.04956966
     87.00000000	    114.17297493	      0.30050884	      0.04949806
     88.00000000	    115.49189370	      0.29937052	      0.04939733
     89.00000000	    116.81081247	      0.29823487	      0.04926647
     90.00000000	    118.12973123	      0.29710258	      0.04910449
     91.00000000	    119.44865000	      0.29597440	      0.04891031
     92.00000000	    120.76756877	      0.29485106	      0.04868286
     93.00000000	    122.08648754	      0.29373335	      0.04842101
     94.00000000	    123.40540630	      0.29262208	      0.04812362
     95.00000000	    124.72432507	      0.29151807	      0.04778949
     96.00000000	    126.04324384	      0.29042219	      0.04741742
     97.00000000	    127.36216260	      0.28933532	      0.04700616
     98.00000000	    128.68108137	      0.28825839	      0.04655446
     99.00000000	    130.00000014	      0.28719233	      0.04606102
