UNKNOWN
version=1
nRows=100
nColumns=4
inDegrees=no
endheader
time	elv_angle	DELT1	DELT1
      0.00000000	    -90.00000018	      0.01052822	      0.23727879
      1.00000000	    -87.77777796	      0.01167188	      0.23684825
      2.00000000	    -85.55555573	      0.01280824	      0.23637349
      3.00000000	    -83.33333351	      0.01393657	      0.23585482
      4.00000000	    -81.11111128	      0.01505610	      0.23529255
      5.00000000	    -78.88888906	      0.01616606	      0.23468704
      6.00000000	    -76.66666683	      0.01726570	      0.23403867
      7.00000000	    -74.44444461	      0.01835421	      0.23334788
      8.00000000	    -72.22222238	      0.01943081	      0.23261509
      9.00000000	    -70.00000015	      0.02049469	      0.23184079
     10.00000000	    -67.77777793	      0.02154503	      0.23102549
     11.00000000	    -65.55555570	      0.02258101	      0.23016972
     12.00000000	    -63.33333348	      0.02360176	      0.22927407
     13.00000000	    -61.11111125	      0.02460643	      0.22833914
     14.00000000	    -58.88888903	      0.02559413	      0.22736556
     15.00000000	    -56.66666680	      0.02656397	      0.22635403
     16.00000000	    -54.44444458	      0.02751500	      0.22530524
     17.00000000	    -52.22222235	      0.02844628	      0.22421994
     18.00000000	    -50.00000013	      0.02935683	      0.22309892
     19.00000000	    -47.77777790	      0.03024565	      0.22194300
     20.00000000	    -45.55555567	      0.03111169	      0.22075305
     21.00000000	    -43.33333345	      0.03195389	      0.21952997
     22.00000000	    -41.11111122	      0.03277114	      0.21827471
     23.00000000	    -38.88888900	      0.03356229	      0.21698825
     24.00000000	    -36.66666677	      0.03432614	      0.21567163
     25.00000000	    -34.44444455	      0.03506145	      0.21432593
     26.00000000	    -32.22222232	      0.03576693	      0.21295229
     27.00000000	    -30.00000010	      0.03644124	      0.21155189
     28.00000000	    -27.77777787	      0.03708297	      0.21012596
     29.00000000	    -25.55555564	      0.03769064	      0.20867579
     30.00000000	    -23.33333342	      0.03826272	      0.20720275
     31.00000000	    -21.11111119	      0.03879758	      0.20570823
     32.00000000	    -18.88888897	      0.03929352	      0.20419371
     33.00000000	    -16.66666674	      0.03974877	      0.20266075
     34.00000000	    -14.44444452	      0.04016144	      0.20111095
     35.00000000	    -12.22222229	      0.04052956	      0.19954599
     36.00000000	    -10.00000007	      0.04085104	      0.19796766
     37.00000000	     -7.77777784	      0.04112369	      0.19637780
     38.00000000	     -5.55555562	      0.04134521	      0.19477835
     39.00000000	     -3.33333339	      0.04151315	      0.19317134
     40.00000000	     -1.11111116	      0.04162497	      0.19155889
     41.00000000	      1.11111106	      0.04167796	      0.18994324
     42.00000000	      3.33333329	      0.04166930	      0.18832672
     43.00000000	      5.55555551	      0.04159603	      0.18671178
     44.00000000	      7.77777774	      0.04145505	      0.18510099
     45.00000000	      9.99999996	      0.04124313	      0.18349702
     46.00000000	     12.22222219	      0.04095693	      0.18190271
     47.00000000	     14.44444441	      0.04059297	      0.18032099
     48.00000000	     16.66666664	      0.04014770	      0.17875496
     49.00000000	     18.88888886	      0.03961749	      0.17720783
     50.00000000	     21.11111109	      0.03899865	      0.17568297
     51.00000000	     23.33333332	      0.03828752	      0.17418389
     52.00000000	     25.55555554	      0.03748046	      0.17271424
     53.00000000	     27.77777777	      0.03657394	      0.17127781
     54.00000000	     29.99999999	      0.03556462	      0.16987852
     55.00000000	     32.22222222	      0.03444941	      0.16852042
     56.00000000	     34.44444444	      0.03322560	      0.16720768
     57.00000000	     36.66666667	      0.03189093	      0.16594454
     58.00000000	     38.88888889	      0.03044375	      0.16473534
     59.00000000	     41.11111112	      0.02888314	      0.16358448
     60.00000000	     43.33333334	      0.02720906	      0.16249634
     61.00000000	     45.55555557	      0.02542247	      0.16147532
     62.00000000	     47.77777780	      0.02352548	      0.16052574
     63.00000000	     50.00000002	      0.02152151	      0.15965183
     64.00000000	     52.22222225	      0.01941533	      0.15885764
     65.00000000	     54.44444447	      0.01721319	      0.15814702
     66.00000000	     56.66666670	      0.01492283	      0.15752355
     67.00000000	     58.88888892	      0.01255350	      0.15699047
     68.00000000	     61.11111115	      0.01011586	      0.15655066
     69.00000000	     63.33333337	      0.00762190	      0.15620651
     70.00000000	     65.55555560	      0.00508472	      0.15595998
     71.00000000	     67.77777782	      0.00251832	      0.15581247
     72.00000000	     70.00000005	     -0.00006266	      0.15576482
     73.00000000	     72.22222228	     -0.00264328	      0.15581733
     74.00000000	     74.44444450	     -0.00520859	      0.15596967
     75.00000000	     76.66666673	     -0.00774400	      0.15622097
     76.00000000	     78.88888895	     -0.01023552	      0.15656980
     77.00000000	     81.11111118	     -0.01267011	      0.15701420
     78.00000000	     83.33333340	     -0.01503584	      0.15755173
     79.00000000	     85.55555563	     -0.01732212	      0.15817951
     80.00000000	     87.77777785	     -0.01951978	      0.15889427
     81.00000000	     90.00000008	     -0.02162113	      0.15969242
     82.00000000	     92.22222230	     -0.02362001	      0.16057010
     83.00000000	     94.44444453	     -0.02551171	      0.16152324
     84.00000000	     96.66666676	     -0.02729288	      0.16254762
     85.00000000	     98.88888898	     -0.02896147	      0.16363890
     86.00000000	    101.11111121	     -0.03051657	      0.16479270
     87.00000000	    103.33333343	     -0.03195826	      0.16600461
     88.00000000	    105.55555566	     -0.03328751	      0.16727025
     89.00000000	    107.77777788	     -0.03450600	      0.16858529
     90.00000000	    110.00000011	     -0.03561600	      0.16994548
     91.00000000	    112.22222233	     -0.03662026	      0.17134667
     92.00000000	    114.44444456	     -0.03752188	      0.17278480
     93.00000000	    116.66666679	     -0.03832420	      0.17425596
     94.00000000	    118.88888901	     -0.03903077	      0.17575638
     95.00000000	    121.11111124	     -0.03964522	      0.17728240
     96.00000000	    123.33333346	     -0.04017123	      0.17883052
     97.00000000	    125.55555569	     -0.04061248	      0.18039739
     98.00000000	    127.77777791	     -0.04097258	      0.18197979
     99.00000000	    130.00000014	     -0.04125510	      0.18357464
