UNKNOWN
version=1
nRows=100
nColumns=4
inDegrees=no
endheader
time	elv_angle	DELT3	DELT3
      0.00000000	    -90.00000018	      0.08167642	      0.02211567
      1.00000000	    -87.77777796	      0.08093278	      0.01614691
      2.00000000	    -85.55555573	      0.08042965	      0.00973560
      3.00000000	    -83.33333351	      0.08018131	      0.00303775
      4.00000000	    -81.11111128	      0.08019521	     -0.00375275
      5.00000000	    -78.88888906	      0.08047093	     -0.01042903
      6.00000000	    -76.66666683	      0.08100023	     -0.01680016
      7.00000000	    -74.44444461	      0.08176820	     -0.02271516
      8.00000000	    -72.22222238	      0.08275506	     -0.02807552
      9.00000000	    -70.00000015	      0.08393824	     -0.03283526
     10.00000000	    -67.77777793	      0.08529429	     -0.03699212
     11.00000000	    -65.55555570	      0.08680029	     -0.04057474
     12.00000000	    -63.33333348	      0.08843486	     -0.04363015
     13.00000000	    -61.11111125	      0.09017859	     -0.04621372
     14.00000000	    -58.88888903	      0.09201430	     -0.04838219
     15.00000000	    -56.66666680	      0.09392694	     -0.05018946
     16.00000000	    -54.44444458	      0.09590347	     -0.05168436
     17.00000000	    -52.22222235	      0.09793262	     -0.05290984
     18.00000000	    -50.00000013	      0.10000469	     -0.05390297
     19.00000000	    -47.77777790	      0.10211129	     -0.05469530
     20.00000000	    -45.55555567	      0.10424517	     -0.05531354
     21.00000000	    -43.33333345	      0.10640002	     -0.05578015
     22.00000000	    -41.11111122	      0.10857033	     -0.05611401
     23.00000000	    -38.88888900	      0.11075128	     -0.05633098
     24.00000000	    -36.66666677	      0.11293860	     -0.05644442
     25.00000000	    -34.44444455	      0.11512849	     -0.05646558
     26.00000000	    -32.22222232	      0.11731757	     -0.05640398
     27.00000000	    -30.00000010	      0.11950280	     -0.05626772
     28.00000000	    -27.77777787	      0.12168140	     -0.05606366
     29.00000000	    -25.55555564	      0.12385086	     -0.05579772
     30.00000000	    -23.33333342	      0.12600890	     -0.05547495
     31.00000000	    -21.11111119	      0.12815339	     -0.05509974
     32.00000000	    -18.88888897	      0.13028237	     -0.05467588
     33.00000000	    -16.66666674	      0.13239402	     -0.05420669
     34.00000000	    -14.44444452	      0.13448664	     -0.05369509
     35.00000000	    -12.22222229	      0.13655864	     -0.05314364
     36.00000000	    -10.00000007	      0.13860852	     -0.05255461
     37.00000000	     -7.77777784	      0.14063486	     -0.05193005
     38.00000000	     -5.55555562	      0.14263631	     -0.05127176
     39.00000000	     -3.33333339	      0.14461160	     -0.05058139
     40.00000000	     -1.11111116	      0.14655952	     -0.04986043
     41.00000000	      1.11111106	      0.14847891	     -0.04911024
     42.00000000	      3.33333329	      0.15036865	     -0.04833207
     43.00000000	      5.55555551	      0.15222769	     -0.04752707
     44.00000000	      7.77777774	      0.15405500	     -0.04669631
     45.00000000	      9.99999996	      0.15584961	     -0.04584079
     46.00000000	     12.22222219	      0.15761057	     -0.04496145
     47.00000000	     14.44444441	      0.15933698	     -0.04405915
     48.00000000	     16.66666664	      0.16102796	     -0.04313476
     49.00000000	     18.88888886	      0.16268268	     -0.04218905
     50.00000000	     21.11111109	      0.16430031	     -0.04122279
     51.00000000	     23.33333332	      0.16588008	     -0.04023672
     52.00000000	     25.55555554	      0.16742123	     -0.03923153
     53.00000000	     27.77777777	      0.16892304	     -0.03820792
     54.00000000	     29.99999999	      0.17038480	     -0.03716654
     55.00000000	     32.22222222	      0.17180583	     -0.03610804
     56.00000000	     34.44444444	      0.17318549	     -0.03503306
     57.00000000	     36.66666667	      0.17452315	     -0.03394220
     58.00000000	     38.88888889	      0.17581820	     -0.03283609
     59.00000000	     41.11111112	      0.17707006	     -0.03171531
     60.00000000	     43.33333334	      0.17827818	     -0.03058046
     61.00000000	     45.55555557	      0.17944202	     -0.02943212
     62.00000000	     47.77777780	      0.18056107	     -0.02827086
     63.00000000	     50.00000002	      0.18163484	     -0.02709726
     64.00000000	     52.22222225	      0.18266285	     -0.02591188
     65.00000000	     54.44444447	      0.18364468	     -0.02471529
     66.00000000	     56.66666670	      0.18457989	     -0.02350804
     67.00000000	     58.88888892	      0.18546807	     -0.02229070
     68.00000000	     61.11111115	      0.18630886	     -0.02106381
     69.00000000	     63.33333337	      0.18710188	     -0.01982793
     70.00000000	     65.55555560	      0.18784680	     -0.01858362
     71.00000000	     67.77777782	      0.18854331	     -0.01733141
     72.00000000	     70.00000005	      0.18919111	     -0.01607186
     73.00000000	     72.22222228	      0.18978992	     -0.01480553
     74.00000000	     74.44444450	      0.19033950	     -0.01353294
     75.00000000	     76.66666673	      0.19083960	     -0.01225466
     76.00000000	     78.88888895	      0.19129003	     -0.01097122
     77.00000000	     81.11111118	      0.19169058	     -0.00968318
     78.00000000	     83.33333340	      0.19204110	     -0.00839108
     79.00000000	     85.55555563	      0.19234143	     -0.00709546
     80.00000000	     87.77777785	      0.19259146	     -0.00579688
     81.00000000	     90.00000008	      0.19279107	     -0.00449587
     82.00000000	     92.22222230	      0.19294018	     -0.00319298
     83.00000000	     94.44444453	      0.19303873	     -0.00188875
     84.00000000	     96.66666676	      0.19308668	     -0.00058374
     85.00000000	     98.88888898	      0.19308401	      0.00072152
     86.00000000	    101.11111121	      0.19303071	      0.00202648
     87.00000000	    103.33333343	      0.19292682	      0.00333059
     88.00000000	    105.55555566	      0.19277238	      0.00463330
     89.00000000	    107.77777788	      0.19256744	      0.00593409
     90.00000000	    110.00000011	      0.19231210	      0.00723239
     91.00000000	    112.22222233	      0.19200646	      0.00852766
     92.00000000	    114.44444456	      0.19165066	      0.00981936
     93.00000000	    116.66666679	      0.19124483	      0.01110694
     94.00000000	    118.88888901	      0.19078915	      0.01238985
     95.00000000	    121.11111124	      0.19028381	      0.01366756
     96.00000000	    123.33333346	      0.18972903	      0.01493951
     97.00000000	    125.55555569	      0.18912503	      0.01620516
     98.00000000	    127.77777791	      0.18847208	      0.01746395
     99.00000000	    130.00000014	      0.18777045	      0.01871535
