UNKNOWN
version=1
nRows=100
nColumns=4
inDegrees=no
endheader
time	elbow_flexion	TRIlat	TRIlat
      0.00000000	     -0.57295780	     -0.01980784	      0.16641096
      1.00000000	      0.74596097	     -0.02044645	      0.16687443
      2.00000000	      2.06487974	     -0.02100803	      0.16735170
      3.00000000	      3.38379851	     -0.02150087	      0.16784109
      4.00000000	      4.70271727	     -0.02193245	      0.16834111
      5.00000000	      6.02163604	     -0.02230947	      0.16885042
      6.00000000	      7.34055481	     -0.02263789	      0.16936784
      7.00000000	      8.65947357	     -0.02292295	      0.16989231
      8.00000000	      9.97839234	     -0.02316927	      0.17042289
      9.00000000	     11.29731111	     -0.02338089	      0.17095874
     10.00000000	     12.61622987	     -0.02356137	      0.17149909
     11.00000000	     13.93514864	     -0.02371382	      0.17204326
     12.00000000	     15.25406741	     -0.02384096	      0.17259065
     13.00000000	     16.57298618	     -0.02394518	      0.17314070
     14.00000000	     17.89190494	     -0.02402857	      0.17369290
     15.00000000	     19.21082371	     -0.02409298	      0.17424680
     16.00000000	     20.52974248	     -0.02414003	      0.17480198
     17.00000000	     21.84866124	     -0.02417114	      0.17535806
     18.00000000	     23.16758001	     -0.02418758	      0.17591469
     19.00000000	     24.48649878	     -0.02419047	      0.17647153
     20.00000000	     25.80541754	     -0.02418079	      0.17702829
     21.00000000	     27.12433631	     -0.02415944	      0.17758470
     22.00000000	     28.44325508	     -0.02412718	      0.17814048
     23.00000000	     29.76217385	     -0.02408474	      0.17869541
     24.00000000	     31.08109261	     -0.02403272	      0.17924925
     25.00000000	     32.40001138	     -0.02397170	      0.17980178
     26.00000000	     33.71893015	     -0.02390218	      0.18035281
     27.00000000	     35.03784891	     -0.02382462	      0.18090215
     28.00000000	     36.35676768	     -0.02373943	      0.18144962
     29.00000000	     37.67568645	     -0.02364698	      0.18199503
     30.00000000	     38.99460521	     -0.02354762	      0.18253825
     31.00000000	     40.31352398	     -0.02344164	      0.18307909
     32.00000000	     41.63244275	     -0.02332935	      0.18361743
     33.00000000	     42.95136152	     -0.02321098	      0.18415310
     34.00000000	     44.27028028	     -0.02308678	      0.18468599
     35.00000000	     45.58919905	     -0.02295697	      0.18521595
     36.00000000	     46.90811782	     -0.02282175	      0.18574286
     37.00000000	     48.22703658	     -0.02268129	      0.18626660
     38.00000000	     49.54595535	     -0.02253578	      0.18678705
     39.00000000	     50.86487412	     -0.02238537	      0.18730409
     40.00000000	     52.18379288	     -0.02223021	      0.18781761
     41.00000000	     53.50271165	     -0.02207044	      0.18832751
     42.00000000	     54.82163042	     -0.02190619	      0.18883368
     43.00000000	     56.14054919	     -0.02173758	      0.18933601
     44.00000000	     57.45946795	     -0.02156472	      0.18983442
     45.00000000	     58.77838672	     -0.02138772	      0.19032880
     46.00000000	     60.09730549	     -0.02120669	      0.19081906
     47.00000000	     61.41622425	     -0.02102171	      0.19130510
     48.00000000	     62.73514302	     -0.02083289	      0.19178684
     49.00000000	     64.05406179	     -0.02064031	      0.19226420
     50.00000000	     65.37298055	     -0.02044406	      0.19273707
     51.00000000	     66.69189932	     -0.02024420	      0.19320539
     52.00000000	     68.01081809	     -0.02004083	      0.19366907
     53.00000000	     69.32973686	     -0.01983400	      0.19412802
     54.00000000	     70.64865562	     -0.01962381	      0.19458218
     55.00000000	     71.96757439	     -0.01947864	      0.19503168
     56.00000000	     73.28649316	     -0.01950234	      0.19548035
     57.00000000	     74.60541192	     -0.01952397	      0.19592954
     58.00000000	     75.92433069	     -0.01954355	      0.19637920
     59.00000000	     77.24324946	     -0.01956109	      0.19682930
     60.00000000	     78.56216822	     -0.01957662	      0.19727977
     61.00000000	     79.88108699	     -0.01959016	      0.19773058
     62.00000000	     81.20000576	     -0.01960174	      0.19818168
     63.00000000	     82.51892453	     -0.01961138	      0.19863302
     64.00000000	     83.83784329	     -0.01961911	      0.19908455
     65.00000000	     85.15676206	     -0.01962415	      0.19953611
     66.00000000	     86.47568083	     -0.01962793	      0.19998788
     67.00000000	     87.79459959	     -0.01962985	      0.20043972
     68.00000000	     89.11351836	     -0.01962993	      0.20089158
     69.00000000	     90.43243713	     -0.01962820	      0.20134342
     70.00000000	     91.75135589	     -0.01962497	      0.20179522
     71.00000000	     93.07027466	     -0.01961979	      0.20224690
     72.00000000	     94.38919343	     -0.01961282	      0.20269843
     73.00000000	     95.70811220	     -0.01960414	      0.20314979
     74.00000000	     97.02703096	     -0.01959377	      0.20360092
     75.00000000	     98.34594973	     -0.01958175	      0.20405180
     76.00000000	     99.66486850	     -0.01956810	      0.20450237
     77.00000000	    100.98378726	     -0.01955283	      0.20495262
     78.00000000	    102.30270603	     -0.01953627	      0.20540251
     79.00000000	    103.62162480	     -0.01951792	      0.20585198
     80.00000000	    104.94054356	     -0.01949798	      0.20630101
     81.00000000	    106.25946233	     -0.01947652	      0.20674955
     82.00000000	    107.57838110	     -0.01945356	      0.20719759
     83.00000000	    108.89729987	     -0.01942942	      0.20764509
     84.00000000	    110.21621863	     -0.01940357	      0.20809201
     85.00000000	    111.53513740	     -0.01937630	      0.20853831
     86.00000000	    112.85405617	     -0.01934762	      0.20898396
     87.00000000	    114.17297493	     -0.01931756	      0.20942894
     88.00000000	    115.49189370	     -0.01928638	      0.20987322
     89.00000000	    116.81081247	     -0.01925364	      0.21031676
     90.00000000	    118.12973123	     -0.01921957	      0.21075952
     91.00000000	    119.44865000	     -0.01918422	      0.21120149
     92.00000000	    120.76756877	     -0.01914798	      0.21164264
     93.00000000	    122.08648754	     -0.01911019	      0.21208292
     94.00000000	    123.40540630	     -0.01907094	      0.21252231
     95.00000000	    124.72432507	     -0.01903104	      0.21296080
     96.00000000	    126.04324384	     -0.01898953	      0.21339834
     97.00000000	    127.36216260	     -0.01894686	      0.21383491
     98.00000000	    128.68108137	     -0.01890303	      0.21427048
     99.00000000	    130.00000014	     -0.01885807	      0.21470503
